[ 0.94444444  0.94444444  0.91666667  0.97142857  0.94285714] 0.94
[ 0.94444444  0.88888889  0.91666667  0.97142857  0.94285714] 0.93
[ 0.94444444  0.94444444  0.97222222  0.97142857  0.94285714] 0.96
[ 0.94444444  0.91666667  0.94444444  0.94285714  0.94285714] 0.94
[ 0.94444444  0.94444444  0.97222222  0.91428571  0.97142857] 0.95
[ 0.94444444  0.91666667  0.97222222  0.97142857  0.94285714] 0.95
[ 0.94444444  0.91666667  0.97222222  0.94285714  0.97142857] 0.95
[ 0.94444444  0.91666667  0.97222222  0.97142857  0.97142857] 0.96
[ 0.94444444  0.94444444  0.97222222  0.94285714  1.        ] 0.96
[ 0.94444444  0.94444444  0.97222222  0.97142857  0.97142857] 0.96
[ 0.94444444  0.94444444  0.94444444  0.97142857  1.        ] 0.96
[ 0.97222222  0.91666667  0.94444444  0.97142857  0.97142857] 0.96
[ 0.94444444  0.94444444  0.94444444  0.91428571  1.        ] 0.95
[ 0.97222222  0.94444444  0.97222222  0.97142857  0.97142857] 0.97
[ 0.97222222  0.94444444  0.97222222  0.97142857  1.        ] 0.97
[ 0.97222222  0.94444444  0.97222222  0.97142857  1.        ] 0.97
[ 0.97222222  0.91666667  0.97222222  0.97142857  1.        ] 0.97
[ 0.97222222  0.91666667  0.97222222  0.97142857  1.        ] 0.97
[ 0.94444444  0.91666667  0.94444444  0.97142857  1.        ] 0.96
[ 0.97222222  0.91666667  0.97222222  0.97142857  1.        ] 0.97
[ 0.94444444  0.91666667  0.97222222  0.97142857  1.        ] 0.96
[ 0.94444444  0.94444444  0.97222222  0.97142857  1.        ] 0.97
[ 0.94444444  0.94444444  0.94444444  0.97142857  1.        ] 0.96
[ 0.94444444  0.94444444  0.94444444  0.97142857  0.97142857] 0.96
[ 0.94444444  0.94444444  0.94444444  0.97142857  0.97142857] 0.96
[ 0.94444444  0.94444444  0.97222222  0.97142857  0.97142857] 0.96
[ 0.94444444  0.94444444  0.94444444  0.97142857  0.97142857] 0.96
[ 0.97222222  0.94444444  0.97222222  0.97142857  0.97142857] 0.97
[ 1.          0.94444444  0.97222222  0.97142857  1.        ] 0.98
[ 0.97222222  0.91666667  0.97222222  0.97142857  0.97142857] 0.96
[ 0.97222222  0.91666667  0.94444444  0.97142857  0.97142857] 0.96
[ 0.97222222  0.91666667  0.97222222  0.97142857  0.97142857] 0.96
[ 1.          0.91666667  0.97222222  0.97142857  0.97142857] 0.97
[ 1.          0.91666667  0.97222222  0.97142857  0.97142857] 0.97
[ 1.          0.88888889  0.97222222  0.97142857  0.97142857] 0.96
[ 0.97222222  0.91666667  0.97222222  0.97142857  0.97142857] 0.96
[ 0.97222222  0.88888889  0.97222222  0.97142857  0.97142857] 0.96
[ 0.97222222  0.91666667  0.97222222  0.97142857  0.97142857] 0.96
[ 0.97222222  0.91666667  0.97222222  0.97142857  0.97142857] 0.96
[ 0.97222222  0.91666667  0.97222222  0.97142857  0.97142857] 0.96
[ 1.          0.91666667  0.97222222  0.97142857  0.97142857] 0.97
[ 0.94444444  0.94444444  0.97222222  0.97142857  0.97142857] 0.96
[ 1.          0.91666667  0.97222222  0.97142857  0.97142857] 0.97
[ 1.          0.91666667  0.97222222  0.97142857  0.94285714] 0.96
[ 1.          0.91666667  0.97222222  0.97142857  0.97142857] 0.97
[ 0.94444444  0.91666667  0.97222222  0.97142857  0.94285714] 0.95
[ 0.97222222  0.91666667  0.97222222  0.97142857  0.94285714] 0.96
[ 0.94444444  0.91666667  0.97222222  0.97142857  0.94285714] 0.95
[ 0.97222222  0.91666667  0.97222222  0.97142857  0.94285714] 0.96
[ 0.94444444  0.94444444  0.91666667  0.97142857  0.94285714] 0.94
[ 0.94444444  0.88888889  0.91666667  0.97142857  0.94285714] 0.93
[ 0.94444444  0.94444444  0.97222222  0.97142857  0.94285714] 0.96
[ 0.94444444  0.91666667  0.94444444  0.94285714  0.94285714] 0.94
[ 0.94444444  0.94444444  0.97222222  0.91428571  0.97142857] 0.95
[ 0.94444444  0.91666667  0.97222222  0.97142857  0.94285714] 0.95
[ 0.94444444  0.91666667  0.97222222  0.94285714  0.97142857] 0.95
[ 0.94444444  0.91666667  0.97222222  0.97142857  0.97142857] 0.96
[ 0.94444444  0.94444444  0.97222222  0.94285714  1.        ] 0.96
[ 0.94444444  0.94444444  0.97222222  0.97142857  0.97142857] 0.96
[ 0.94444444  0.94444444  0.94444444  0.97142857  1.        ] 0.96
[ 0.97222222  0.91666667  0.94444444  0.97142857  0.97142857] 0.96
[ 0.94444444  0.94444444  0.94444444  0.91428571  1.        ] 0.95
[ 0.97222222  0.94444444  0.97222222  0.97142857  0.97142857] 0.97
[ 0.97222222  0.94444444  0.97222222  0.97142857  1.        ] 0.97
[ 0.97222222  0.94444444  0.97222222  0.97142857  1.        ] 0.97
[ 0.97222222  0.91666667  0.97222222  0.97142857  1.        ] 0.97
[ 0.97222222  0.91666667  0.97222222  0.97142857  1.        ] 0.97
[ 0.94444444  0.91666667  0.94444444  0.97142857  1.        ] 0.96
[ 0.97222222  0.91666667  0.97222222  0.97142857  1.        ] 0.97
[ 0.94444444  0.91666667  0.97222222  0.97142857  1.        ] 0.96
[ 0.94444444  0.94444444  0.97222222  0.97142857  1.        ] 0.97
[ 0.94444444  0.94444444  0.94444444  0.97142857  1.        ] 0.96
[ 0.94444444  0.94444444  0.94444444  0.97142857  0.97142857] 0.96
[ 0.94444444  0.94444444  0.94444444  0.97142857  0.97142857] 0.96
[ 0.94444444  0.94444444  0.97222222  0.97142857  0.97142857] 0.96
[ 0.94444444  0.94444444  0.94444444  0.97142857  0.97142857] 0.96
[ 0.97222222  0.94444444  0.97222222  0.97142857  0.97142857] 0.97
[ 1.          0.94444444  0.97222222  0.97142857  1.        ] 0.98
[ 0.97222222  0.91666667  0.97222222  0.97142857  0.97142857] 0.96
[ 0.97222222  0.91666667  0.94444444  0.97142857  0.97142857] 0.96
[ 0.97222222  0.91666667  0.97222222  0.97142857  0.97142857] 0.96
[ 1.          0.91666667  0.97222222  0.97142857  0.97142857] 0.97
[ 1.          0.91666667  0.97222222  0.97142857  0.97142857] 0.97
[ 1.          0.88888889  0.97222222  0.97142857  0.97142857] 0.96
[ 0.97222222  0.91666667  0.97222222  0.97142857  0.97142857] 0.96
[ 0.97222222  0.88888889  0.97222222  0.97142857  0.97142857] 0.96
[ 0.97222222  0.91666667  0.97222222  0.97142857  0.97142857] 0.96
[ 0.97222222  0.91666667  0.97222222  0.97142857  0.97142857] 0.96
[ 0.97222222  0.91666667  0.97222222  0.97142857  0.97142857] 0.96
[ 1.          0.91666667  0.97222222  0.97142857  0.97142857] 0.97
[ 0.94444444  0.94444444  0.97222222  0.97142857  0.97142857] 0.96
[ 1.          0.91666667  0.97222222  0.97142857  0.97142857] 0.97
[ 1.          0.91666667  0.97222222  0.97142857  0.94285714] 0.96
[ 1.          0.91666667  0.97222222  0.97142857  0.97142857] 0.97
[ 0.94444444  0.91666667  0.97222222  0.97142857  0.94285714] 0.95
[ 0.97222222  0.91666667  0.97222222  0.97142857  0.94285714] 0.96
[ 0.94444444  0.91666667  0.97222222  0.97142857  0.94285714] 0.95
[ 0.97222222  0.91666667  0.97222222  0.97142857  0.94285714] 0.96
[ 0.94444444  0.94444444  0.91666667  0.97142857  0.94285714] 0.94
[ 0.94444444  0.88888889  0.91666667  0.97142857  0.94285714] 0.93
[ 0.94444444  0.94444444  0.97222222  0.97142857  0.94285714] 0.96
[ 0.94444444  0.91666667  0.94444444  0.94285714  0.94285714] 0.94
[ 0.94444444  0.94444444  0.97222222  0.91428571  0.97142857] 0.95
[ 0.94444444  0.91666667  0.97222222  0.97142857  0.94285714] 0.95
[ 0.94444444  0.91666667  0.97222222  0.94285714  0.97142857] 0.95
[ 0.94444444  0.91666667  0.97222222  0.97142857  0.97142857] 0.96
[ 0.94444444  0.94444444  0.97222222  0.94285714  1.        ] 0.96
[ 0.94444444  0.94444444  0.97222222  0.97142857  0.97142857] 0.96
[ 0.94444444  0.94444444  0.94444444  0.97142857  1.        ] 0.96
[ 0.97222222  0.91666667  0.94444444  0.97142857  0.97142857] 0.96
[ 0.94444444  0.94444444  0.94444444  0.91428571  1.        ] 0.95
[ 0.97222222  0.94444444  0.97222222  0.97142857  0.97142857] 0.97
[ 0.97222222  0.94444444  0.97222222  0.97142857  1.        ] 0.97
[ 0.97222222  0.94444444  0.97222222  0.97142857  1.        ] 0.97
[ 0.97222222  0.91666667  0.97222222  0.97142857  1.        ] 0.97
[ 0.97222222  0.91666667  0.97222222  0.97142857  1.        ] 0.97
[ 0.94444444  0.91666667  0.94444444  0.97142857  1.        ] 0.96
[ 0.97222222  0.91666667  0.97222222  0.97142857  1.        ] 0.97
[ 0.94444444  0.91666667  0.97222222  0.97142857  1.        ] 0.96
[ 0.94444444  0.94444444  0.97222222  0.97142857  1.        ] 0.97
[ 0.94444444  0.94444444  0.94444444  0.97142857  1.        ] 0.96
[ 0.94444444  0.94444444  0.94444444  0.97142857  0.97142857] 0.96
[ 0.94444444  0.94444444  0.94444444  0.97142857  0.97142857] 0.96
[ 0.94444444  0.94444444  0.97222222  0.97142857  0.97142857] 0.96
[ 0.94444444  0.94444444  0.94444444  0.97142857  0.97142857] 0.96
[ 0.97222222  0.94444444  0.97222222  0.97142857  0.97142857] 0.97
[ 1.          0.94444444  0.97222222  0.97142857  1.        ] 0.98
[ 0.97222222  0.91666667  0.97222222  0.97142857  0.97142857] 0.96
[ 0.97222222  0.91666667  0.94444444  0.97142857  0.97142857] 0.96
[ 0.97222222  0.91666667  0.97222222  0.97142857  0.97142857] 0.96
[ 1.          0.91666667  0.97222222  0.97142857  0.97142857] 0.97
[ 1.          0.91666667  0.97222222  0.97142857  0.97142857] 0.97
[ 1.          0.88888889  0.97222222  0.97142857  0.97142857] 0.96
[ 0.97222222  0.91666667  0.97222222  0.97142857  0.97142857] 0.96
[ 0.97222222  0.88888889  0.97222222  0.97142857  0.97142857] 0.96
[ 0.97222222  0.91666667  0.97222222  0.97142857  0.97142857] 0.96
[ 0.97222222  0.91666667  0.97222222  0.97142857  0.97142857] 0.96
[ 0.97222222  0.91666667  0.97222222  0.97142857  0.97142857] 0.96
[ 1.          0.91666667  0.97222222  0.97142857  0.97142857] 0.97
[ 0.94444444  0.94444444  0.97222222  0.97142857  0.97142857] 0.96
[ 1.          0.91666667  0.97222222  0.97142857  0.97142857] 0.97
[ 1.          0.91666667  0.97222222  0.97142857  0.94285714] 0.96
[ 1.          0.91666667  0.97222222  0.97142857  0.97142857] 0.97
[ 0.94444444  0.91666667  0.97222222  0.97142857  0.94285714] 0.95
[ 0.97222222  0.91666667  0.97222222  0.97142857  0.94285714] 0.96
[ 0.94444444  0.91666667  0.97222222  0.97142857  0.94285714] 0.95
[ 0.97222222  0.91666667  0.97222222  0.97142857  0.94285714] 0.96
