[ 0.77777778  0.66666667  0.72222222  0.71428571  0.77142857] 0.73
[ 0.72222222  0.63888889  0.69444444  0.57142857  0.68571429] 0.66
[ 0.80555556  0.61111111  0.63888889  0.65714286  0.82857143] 0.71
[ 0.75        0.52777778  0.61111111  0.65714286  0.74285714] 0.66
[ 0.72222222  0.61111111  0.61111111  0.68571429  0.74285714] 0.67
[ 0.72222222  0.63888889  0.63888889  0.68571429  0.68571429] 0.67
[ 0.69444444  0.58333333  0.72222222  0.68571429  0.71428571] 0.68
[ 0.72222222  0.61111111  0.66666667  0.65714286  0.74285714] 0.68
[ 0.72222222  0.63888889  0.72222222  0.68571429  0.74285714] 0.7
[ 0.72222222  0.61111111  0.63888889  0.68571429  0.74285714] 0.68
[ 0.75        0.63888889  0.66666667  0.71428571  0.74285714] 0.7
[ 0.72222222  0.66666667  0.69444444  0.68571429  0.71428571] 0.7
[ 0.72222222  0.69444444  0.66666667  0.65714286  0.71428571] 0.69
[ 0.72222222  0.66666667  0.72222222  0.6         0.68571429] 0.68
[ 0.75        0.72222222  0.69444444  0.62857143  0.71428571] 0.7
[ 0.72222222  0.63888889  0.72222222  0.6         0.71428571] 0.68
[ 0.77777778  0.72222222  0.72222222  0.6         0.68571429] 0.7
[ 0.77777778  0.61111111  0.69444444  0.6         0.71428571] 0.68
[ 0.77777778  0.63888889  0.69444444  0.6         0.68571429] 0.68
[ 0.77777778  0.61111111  0.69444444  0.62857143  0.74285714] 0.69
[ 0.77777778  0.63888889  0.75        0.62857143  0.71428571] 0.7
[ 0.77777778  0.63888889  0.69444444  0.62857143  0.74285714] 0.7
[ 0.77777778  0.63888889  0.72222222  0.6         0.77142857] 0.7
[ 0.77777778  0.63888889  0.75        0.62857143  0.74285714] 0.71
[ 0.77777778  0.63888889  0.75        0.62857143  0.71428571] 0.7
[ 0.77777778  0.61111111  0.72222222  0.65714286  0.71428571] 0.7
[ 0.77777778  0.63888889  0.72222222  0.62857143  0.71428571] 0.7
[ 0.77777778  0.61111111  0.72222222  0.68571429  0.74285714] 0.71
[ 0.77777778  0.63888889  0.72222222  0.68571429  0.74285714] 0.71
[ 0.77777778  0.61111111  0.72222222  0.68571429  0.74285714] 0.71
[ 0.77777778  0.58333333  0.72222222  0.62857143  0.74285714] 0.69
[ 0.80555556  0.61111111  0.72222222  0.68571429  0.74285714] 0.71
[ 0.77777778  0.61111111  0.75        0.68571429  0.74285714] 0.71
[ 0.83333333  0.61111111  0.75        0.68571429  0.74285714] 0.72
[ 0.80555556  0.66666667  0.72222222  0.68571429  0.74285714] 0.72
[ 0.83333333  0.61111111  0.69444444  0.68571429  0.74285714] 0.71
[ 0.80555556  0.61111111  0.72222222  0.68571429  0.74285714] 0.71
[ 0.80555556  0.61111111  0.72222222  0.68571429  0.74285714] 0.71
[ 0.77777778  0.61111111  0.72222222  0.68571429  0.74285714] 0.71
[ 0.80555556  0.61111111  0.72222222  0.68571429  0.71428571] 0.71
[ 0.80555556  0.61111111  0.72222222  0.68571429  0.74285714] 0.71
[ 0.80555556  0.61111111  0.72222222  0.68571429  0.71428571] 0.71
[ 0.80555556  0.61111111  0.72222222  0.68571429  0.71428571] 0.71
[ 0.80555556  0.61111111  0.72222222  0.68571429  0.71428571] 0.71
[ 0.80555556  0.61111111  0.72222222  0.68571429  0.71428571] 0.71
[ 0.80555556  0.61111111  0.72222222  0.68571429  0.71428571] 0.71
[ 0.75        0.61111111  0.72222222  0.68571429  0.71428571] 0.7
[ 0.83333333  0.61111111  0.72222222  0.71428571  0.71428571] 0.72
[ 0.75        0.61111111  0.72222222  0.68571429  0.71428571] 0.7
[ 0.77777778  0.66666667  0.72222222  0.71428571  0.77142857] 0.73
[ 0.72222222  0.63888889  0.69444444  0.57142857  0.68571429] 0.66
[ 0.80555556  0.61111111  0.63888889  0.65714286  0.82857143] 0.71
[ 0.75        0.52777778  0.61111111  0.65714286  0.74285714] 0.66
[ 0.72222222  0.61111111  0.61111111  0.68571429  0.74285714] 0.67
[ 0.72222222  0.63888889  0.63888889  0.68571429  0.68571429] 0.67
[ 0.69444444  0.58333333  0.72222222  0.68571429  0.71428571] 0.68
[ 0.72222222  0.61111111  0.66666667  0.65714286  0.74285714] 0.68
[ 0.72222222  0.63888889  0.72222222  0.68571429  0.74285714] 0.7
[ 0.72222222  0.61111111  0.63888889  0.68571429  0.74285714] 0.68
[ 0.75        0.63888889  0.66666667  0.71428571  0.74285714] 0.7
[ 0.72222222  0.66666667  0.69444444  0.68571429  0.71428571] 0.7
[ 0.72222222  0.69444444  0.66666667  0.65714286  0.71428571] 0.69
[ 0.72222222  0.66666667  0.72222222  0.6         0.68571429] 0.68
[ 0.75        0.72222222  0.69444444  0.62857143  0.71428571] 0.7
[ 0.72222222  0.63888889  0.72222222  0.6         0.71428571] 0.68
[ 0.77777778  0.72222222  0.72222222  0.6         0.68571429] 0.7
[ 0.77777778  0.61111111  0.69444444  0.6         0.71428571] 0.68
[ 0.77777778  0.63888889  0.69444444  0.6         0.68571429] 0.68
[ 0.77777778  0.61111111  0.69444444  0.62857143  0.74285714] 0.69
[ 0.77777778  0.63888889  0.75        0.62857143  0.71428571] 0.7
[ 0.77777778  0.63888889  0.69444444  0.62857143  0.74285714] 0.7
[ 0.77777778  0.63888889  0.72222222  0.6         0.77142857] 0.7
[ 0.77777778  0.63888889  0.75        0.62857143  0.74285714] 0.71
[ 0.77777778  0.63888889  0.75        0.62857143  0.71428571] 0.7
[ 0.77777778  0.61111111  0.72222222  0.65714286  0.71428571] 0.7
[ 0.77777778  0.63888889  0.72222222  0.62857143  0.71428571] 0.7
[ 0.77777778  0.61111111  0.72222222  0.68571429  0.74285714] 0.71
[ 0.77777778  0.63888889  0.72222222  0.68571429  0.74285714] 0.71
[ 0.77777778  0.61111111  0.72222222  0.68571429  0.74285714] 0.71
[ 0.77777778  0.58333333  0.72222222  0.62857143  0.74285714] 0.69
[ 0.80555556  0.61111111  0.72222222  0.68571429  0.74285714] 0.71
[ 0.77777778  0.61111111  0.75        0.68571429  0.74285714] 0.71
[ 0.83333333  0.61111111  0.75        0.68571429  0.74285714] 0.72
[ 0.80555556  0.66666667  0.72222222  0.68571429  0.74285714] 0.72
[ 0.83333333  0.61111111  0.69444444  0.68571429  0.74285714] 0.71
[ 0.80555556  0.61111111  0.72222222  0.68571429  0.74285714] 0.71
[ 0.80555556  0.61111111  0.72222222  0.68571429  0.74285714] 0.71
[ 0.77777778  0.61111111  0.72222222  0.68571429  0.74285714] 0.71
[ 0.80555556  0.61111111  0.72222222  0.68571429  0.71428571] 0.71
[ 0.80555556  0.61111111  0.72222222  0.68571429  0.74285714] 0.71
[ 0.80555556  0.61111111  0.72222222  0.68571429  0.71428571] 0.71
[ 0.80555556  0.61111111  0.72222222  0.68571429  0.71428571] 0.71
[ 0.80555556  0.61111111  0.72222222  0.68571429  0.71428571] 0.71
[ 0.80555556  0.61111111  0.72222222  0.68571429  0.71428571] 0.71
[ 0.80555556  0.61111111  0.72222222  0.68571429  0.71428571] 0.71
[ 0.75        0.61111111  0.72222222  0.68571429  0.71428571] 0.7
[ 0.83333333  0.61111111  0.72222222  0.71428571  0.71428571] 0.72
[ 0.75        0.61111111  0.72222222  0.68571429  0.71428571] 0.7
[ 0.77777778  0.66666667  0.72222222  0.71428571  0.77142857] 0.73
[ 0.72222222  0.63888889  0.69444444  0.57142857  0.68571429] 0.66
[ 0.80555556  0.61111111  0.63888889  0.65714286  0.82857143] 0.71
[ 0.75        0.52777778  0.61111111  0.65714286  0.74285714] 0.66
[ 0.72222222  0.61111111  0.61111111  0.68571429  0.74285714] 0.67
[ 0.72222222  0.63888889  0.63888889  0.68571429  0.68571429] 0.67
[ 0.69444444  0.58333333  0.72222222  0.68571429  0.71428571] 0.68
[ 0.72222222  0.61111111  0.66666667  0.65714286  0.74285714] 0.68
[ 0.72222222  0.63888889  0.72222222  0.68571429  0.74285714] 0.7
[ 0.72222222  0.61111111  0.63888889  0.68571429  0.74285714] 0.68
[ 0.75        0.63888889  0.66666667  0.71428571  0.74285714] 0.7
[ 0.72222222  0.66666667  0.69444444  0.68571429  0.71428571] 0.7
[ 0.72222222  0.69444444  0.66666667  0.65714286  0.71428571] 0.69
[ 0.72222222  0.66666667  0.72222222  0.6         0.68571429] 0.68
[ 0.75        0.72222222  0.69444444  0.62857143  0.71428571] 0.7
[ 0.72222222  0.63888889  0.72222222  0.6         0.71428571] 0.68
[ 0.77777778  0.72222222  0.72222222  0.6         0.68571429] 0.7
[ 0.77777778  0.61111111  0.69444444  0.6         0.71428571] 0.68
[ 0.77777778  0.63888889  0.69444444  0.6         0.68571429] 0.68
[ 0.77777778  0.61111111  0.69444444  0.62857143  0.74285714] 0.69
[ 0.77777778  0.63888889  0.75        0.62857143  0.71428571] 0.7
[ 0.77777778  0.63888889  0.69444444  0.62857143  0.74285714] 0.7
[ 0.77777778  0.63888889  0.72222222  0.6         0.77142857] 0.7
[ 0.77777778  0.63888889  0.75        0.62857143  0.74285714] 0.71
[ 0.77777778  0.63888889  0.75        0.62857143  0.71428571] 0.7
[ 0.77777778  0.61111111  0.72222222  0.65714286  0.71428571] 0.7
[ 0.77777778  0.63888889  0.72222222  0.62857143  0.71428571] 0.7
[ 0.77777778  0.61111111  0.72222222  0.68571429  0.74285714] 0.71
[ 0.77777778  0.63888889  0.72222222  0.68571429  0.74285714] 0.71
[ 0.77777778  0.61111111  0.72222222  0.68571429  0.74285714] 0.71
[ 0.77777778  0.58333333  0.72222222  0.62857143  0.74285714] 0.69
[ 0.80555556  0.61111111  0.72222222  0.68571429  0.74285714] 0.71
[ 0.77777778  0.61111111  0.75        0.68571429  0.74285714] 0.71
[ 0.83333333  0.61111111  0.75        0.68571429  0.74285714] 0.72
[ 0.80555556  0.66666667  0.72222222  0.68571429  0.74285714] 0.72
[ 0.83333333  0.61111111  0.69444444  0.68571429  0.74285714] 0.71
[ 0.80555556  0.61111111  0.72222222  0.68571429  0.74285714] 0.71
[ 0.80555556  0.61111111  0.72222222  0.68571429  0.74285714] 0.71
[ 0.77777778  0.61111111  0.72222222  0.68571429  0.74285714] 0.71
[ 0.80555556  0.61111111  0.72222222  0.68571429  0.71428571] 0.71
[ 0.80555556  0.61111111  0.72222222  0.68571429  0.74285714] 0.71
[ 0.80555556  0.61111111  0.72222222  0.68571429  0.71428571] 0.71
[ 0.80555556  0.61111111  0.72222222  0.68571429  0.71428571] 0.71
[ 0.80555556  0.61111111  0.72222222  0.68571429  0.71428571] 0.71
[ 0.80555556  0.61111111  0.72222222  0.68571429  0.71428571] 0.71
[ 0.80555556  0.61111111  0.72222222  0.68571429  0.71428571] 0.71
[ 0.75        0.61111111  0.72222222  0.68571429  0.71428571] 0.7
[ 0.83333333  0.61111111  0.72222222  0.71428571  0.71428571] 0.72
[ 0.75        0.61111111  0.72222222  0.68571429  0.71428571] 0.7
